multipie/024_01_01_090_03.jpg,26,12,175,175
multipie/190_01_01_090_00.jpg,46,49,108,108
multipie/229_01_01_120_02.jpg,33,18,152,152
multipie/047_01_01_120_00.jpg,41,33,130,130
multipie/044_01_01_090_00.jpg,35,16,148,148
multipie/042_01_01_120_02.jpg,40,19,144,144
multipie/019_01_01_120_00.jpg,41,17,140,140
multipie/060_01_01_240_09.jpg,23,12,167,167
multipie/059_01_01_120_00.jpg,36,21,147,147
multipie/054_01_01_240_09.jpg,46,36,130,130
multipie/066_01_01_090_03.jpg,30,21,150,150
multipie/181_01_01_090_00.jpg,34,21,149,149
multipie/035_01_01_110_01.jpg,25,8,166,166
multipie/237_01_01_120_02.jpg,38,25,136,136
multipie/050_01_01_240_09.jpg,38,26,143,143
multipie/051_01_01_200_09.jpg,43,33,117,117
multipie/012_01_01_200_09.jpg,31,9,160,160
multipie/003_01_01_090_03.jpg,32,21,145,145
multipie/023_01_01_120_02.jpg,32,17,147,147
multipie/218_01_01_090_00.jpg,41,20,139,139
multipie/075_01_01_240_09.jpg,25,13,155,155
multipie/098_01_01_200_09.jpg,37,15,147,147
multipie/124_01_01_090_03.jpg,40,16,155,155
multipie/245_01_01_120_02.jpg,40,27,131,131
multipie/069_01_01_200_09.jpg,32,17,148,148
multipie/079_01_01_200_09.jpg,37,29,126,126
multipie/019_01_01_110_01.jpg,73,13,70,70
multipie/061_01_01_200_09.jpg,32,25,136,136
multipie/165_01_01_090_00.jpg,37,21,144,144
multipie/083_01_01_200_09.jpg,37,19,146,146
multipie/103_01_01_090_00.jpg,42,19,140,140
multipie/241_01_01_120_00.jpg,44,24,131,131
multipie/058_01_01_200_09.jpg,37,17,146,146
multipie/044_01_01_090_03.jpg,39,21,142,142
multipie/062_01_01_010_09.jpg,37,23,137,137
multipie/065_01_01_240_09.jpg,20,6,170,170
multipie/237_01_01_090_00.jpg,42,27,131,131
multipie/077_01_01_110_01.jpg,26,0,172,172
multipie/061_01_01_120_00.jpg,53,80,81,81
multipie/018_01_01_110_01.jpg,45,24,118,118
multipie/090_01_01_120_02.jpg,32,15,156,156
multipie/059_01_01_090_03.jpg,33,17,155,155
multipie/041_01_01_090_00.jpg,44,20,132,132
multipie/154_01_01_090_00.jpg,35,16,154,154
multipie/173_01_01_120_00.jpg,40,23,133,133
multipie/039_01_01_120_02.jpg,40,47,116,116
multipie/064_01_01_010_09.jpg,36,15,146,146
multipie/039_01_01_090_03.jpg,35,30,139,139
multipie/001_01_01_200_00.jpg,40,24,135,135
multipie/088_01_01_120_00.jpg,39,17,141,141
multipie/026_01_01_120_02.jpg,34,19,149,149
multipie/020_01_01_010_09.jpg,32,15,148,148
multipie/069_01_01_090_03.jpg,34,19,151,151
multipie/222_01_01_120_02.jpg,34,16,144,144
multipie/194_01_01_120_00.jpg,36,18,147,147
multipie/214_01_01_090_03.jpg,33,21,142,142
multipie/171_01_01_120_00.jpg,40,20,142,142
multipie/096_01_01_120_00.jpg,43,30,133,133
multipie/069_01_01_090_00.jpg,37,21,144,144
multipie/070_01_01_120_00.jpg,36,15,147,147
multipie/011_01_01_010_09.jpg,37,16,144,144
multipie/077_01_01_090_03.jpg,36,16,143,143
multipie/209_01_01_090_03.jpg,35,33,124,124
multipie/050_01_01_090_03.jpg,32,17,151,151
multipie/124_01_01_090_00.jpg,41,22,141,141
multipie/090_01_01_010_09.jpg,35,13,149,149
multipie/072_01_01_090_03.jpg,30,14,151,151
multipie/121_01_01_120_02.jpg,37,20,147,147
multipie/110_01_01_090_03.jpg,38,35,131,131
multipie/002_01_01_110_01.jpg,27,20,154,154
multipie/034_01_01_120_00.jpg,39,17,144,144
multipie/193_01_01_090_03.jpg,33,15,151,151
multipie/014_01_01_090_03.jpg,39,20,148,148
multipie/065_01_01_090_00.jpg,38,20,137,137
multipie/001_01_01_240_00.jpg,41,22,129,129
multipie/032_01_01_110_01.jpg,29,0,194,194
multipie/095_01_01_120_02.jpg,39,19,152,152
multipie/011_01_01_090_03.jpg,32,16,149,149
multipie/006_01_01_120_02.jpg,30,11,163,163
multipie/030_01_01_200_09.jpg,37,10,150,150
multipie/116_01_01_120_00.jpg,42,30,128,128
multipie/130_01_01_120_02.jpg,42,28,132,132
multipie/150_01_01_090_03.jpg,33,13,151,151
multipie/241_01_01_090_00.jpg,45,22,132,132
multipie/104_01_01_120_02.jpg,37,17,148,148
multipie/083_01_01_240_09.jpg,33,15,153,153
multipie/081_01_01_010_09.jpg,37,24,143,143
multipie/046_01_01_010_09.jpg,38,17,148,148
multipie/057_01_01_240_09.jpg,29,11,157,157
multipie/081_01_01_120_02.jpg,41,28,141,141
multipie/015_01_01_110_01.jpg,53,49,94,94
multipie/078_01_01_090_00.jpg,38,22,138,138
multipie/022_01_01_120_00.jpg,41,25,127,127
multipie/167_01_01_120_00.jpg,52,47,105,105
multipie/014_01_01_120_00.jpg,48,31,132,132
multipie/038_01_01_200_09.jpg,35,19,144,144
multipie/041_01_01_010_09.jpg,34,11,149,149
multipie/073_01_01_240_09.jpg,18,8,167,167
multipie/169_01_01_120_00.jpg,41,19,142,142
multipie/064_01_01_200_09.jpg,34,17,143,143
multipie/236_01_01_090_00.jpg,46,30,127,127
multipie/118_01_01_090_03.jpg,39,25,125,125
multipie/038_01_01_090_00.jpg,43,27,128,128
multipie/083_01_01_090_00.jpg,40,22,141,141
multipie/144_01_01_090_00.jpg,38,25,138,138
multipie/127_01_01_120_00.jpg,40,18,140,140
multipie/031_01_01_200_09.jpg,34,19,147,147
multipie/028_01_01_110_01.jpg,29,4,166,166
multipie/149_01_01_120_00.jpg,41,23,136,136
multipie/017_01_01_090_00.jpg,43,22,136,136
multipie/019_01_01_200_09.jpg,37,16,144,144
multipie/040_01_01_110_01.jpg,67,35,84,84
multipie/001_01_01_010_00.jpg,43,27,129,129
multipie/152_01_01_120_02.jpg,44,6,150,150
multipie/178_01_01_090_00.jpg,39,19,144,144
multipie/054_01_01_010_09.jpg,41,24,136,136
multipie/220_01_01_090_03.jpg,30,23,148,148
multipie/249_01_01_120_02.jpg,31,18,152,152
multipie/045_01_01_240_09.jpg,31,21,154,154
multipie/004_01_01_120_02.jpg,37,17,152,152
multipie/023_01_01_090_03.jpg,31,16,150,150
multipie/130_01_01_090_00.jpg,39,27,133,133
multipie/063_01_01_090_03.jpg,30,20,152,152
multipie/012_01_01_240_09.jpg,62,73,92,92
multipie/006_01_01_010_09.jpg,29,13,156,156
multipie/013_01_01_200_09.jpg,33,17,148,148
multipie/153_01_01_090_00.jpg,46,45,107,107
multipie/121_01_01_090_03.jpg,32,17,150,150
multipie/042_01_01_110_01.jpg,55,29,112,112
multipie/051_01_01_090_00.jpg,38,37,123,123
multipie/053_01_01_090_03.jpg,36,17,147,147
multipie/232_01_01_090_03.jpg,32,22,154,154
multipie/074_01_01_240_09.jpg,26,16,155,155
multipie/018_01_01_120_00.jpg,42,17,140,140
multipie/036_01_01_120_02.jpg,38,21,142,142
multipie/108_01_01_120_02.jpg,37,14,155,155
multipie/062_01_01_200_09.jpg,33,21,138,138
multipie/176_01_01_090_00.jpg,39,26,137,137
multipie/075_01_01_110_01.jpg,26,23,147,147
multipie/002_01_01_090_00.jpg,35,22,142,142
multipie/057_01_01_090_03.jpg,32,15,154,154
multipie/084_01_01_120_02.jpg,36,31,142,142
multipie/034_01_01_110_01.jpg,13,66,74,74
multipie/067_01_01_090_00.jpg,40,25,135,135
multipie/013_01_01_110_01.jpg,34,19,146,146
multipie/083_01_01_110_01.jpg,50,38,116,116
multipie/240_01_01_120_00.jpg,39,19,144,144
multipie/134_01_01_120_00.jpg,41,17,145,145
multipie/090_01_01_090_03.jpg,33,15,158,158
multipie/006_01_01_090_00.jpg,37,17,148,148
multipie/189_01_01_090_00.jpg,36,22,137,137
multipie/238_01_01_090_03.jpg,25,22,146,146
multipie/018_01_01_240_09.jpg,27,12,150,150
multipie/009_01_01_120_02.jpg,41,18,147,147
multipie/019_01_01_010_09.jpg,40,16,146,146
multipie/250_01_01_120_00.jpg,43,20,135,135
multipie/090_01_01_090_00.jpg,38,22,148,148
multipie/150_01_01_090_00.jpg,38,18,143,143
multipie/226_01_01_120_02.jpg,38,28,135,135
multipie/173_01_01_090_00.jpg,39,26,131,131
multipie/071_01_01_240_09.jpg,34,15,143,143
multipie/070_01_01_110_01.jpg,36,16,143,143
multipie/068_01_01_120_00.jpg,49,42,108,108
multipie/124_01_01_120_00.jpg,41,25,141,141
multipie/114_01_01_090_03.jpg,34,16,150,150
multipie/208_01_01_090_00.jpg,40,23,136,136
multipie/073_01_01_090_03.jpg,34,19,145,145
multipie/120_01_01_090_03.jpg,49,36,109,109
multipie/042_01_01_010_09.jpg,44,19,138,138
multipie/225_01_01_090_00.jpg,41,43,124,124
multipie/168_01_01_090_00.jpg,37,19,142,142
multipie/132_01_01_120_00.jpg,47,34,123,123
multipie/042_01_01_200_09.jpg,36,18,144,144
multipie/229_01_01_090_00.jpg,39,26,137,137
multipie/248_01_01_120_00.jpg,44,28,137,137
multipie/012_01_01_090_03.jpg,33,12,153,153
multipie/159_01_01_090_00.jpg,40,24,138,138
multipie/036_01_01_090_03.jpg,36,19,144,144
multipie/155_01_01_120_00.jpg,44,28,127,127
multipie/128_01_01_090_03.jpg,36,19,143,143
multipie/165_01_01_090_03.jpg,33,19,156,156
multipie/045_01_01_200_09.jpg,34,17,153,153
multipie/243_01_01_120_02.jpg,32,13,152,152
multipie/069_01_01_120_00.jpg,40,26,139,139
multipie/204_01_01_090_03.jpg,36,17,148,148
multipie/139_01_01_120_00.jpg,54,45,95,95
multipie/005_01_01_090_00.jpg,41,15,149,149
multipie/007_01_01_010_09.jpg,35,14,153,153
multipie/094_01_01_090_03.jpg,38,19,143,143
multipie/043_01_01_200_09.jpg,38,22,145,145
multipie/233_01_01_120_02.jpg,36,10,147,147
multipie/083_01_01_090_03.jpg,35,17,151,151
multipie/172_01_01_120_02.jpg,43,24,145,145
multipie/116_01_01_090_03.jpg,33,21,151,151
multipie/088_01_01_090_03.jpg,38,22,138,138
multipie/158_01_01_120_00.jpg,46,28,130,130
multipie/106_01_01_090_03.jpg,40,19,147,147
multipie/151_01_01_090_00.jpg,44,25,128,128
multipie/099_01_01_240_09.jpg,31,13,151,151
multipie/106_01_01_090_00.jpg,45,21,137,137
multipie/237_01_01_120_00.jpg,40,22,134,134
multipie/032_01_01_120_02.jpg,32,18,155,155
multipie/019_01_01_240_09.jpg,35,16,146,146
multipie/179_01_01_090_00.jpg,38,18,143,143
multipie/222_01_01_090_03.jpg,33,17,145,145
multipie/160_01_01_090_03.jpg,38,19,138,138
multipie/192_01_01_090_00.jpg,40,28,135,135
multipie/092_01_01_010_09.jpg,38,19,139,139
multipie/215_01_01_120_02.jpg,35,18,144,144
multipie/102_01_01_090_00.jpg,43,45,115,115
multipie/182_01_01_090_00.jpg,35,18,149,149
multipie/093_01_01_120_00.jpg,43,20,137,137
multipie/172_01_01_120_00.jpg,39,17,148,148
multipie/034_01_01_200_09.jpg,32,16,148,148
multipie/110_01_01_120_02.jpg,47,41,110,110
multipie/032_01_01_120_00.jpg,44,37,126,126
multipie/076_01_01_120_00.jpg,48,34,123,123
multipie/062_01_01_090_00.jpg,39,24,134,134
multipie/247_01_01_120_00.jpg,44,22,128,128
multipie/096_01_01_200_09.jpg,33,19,147,147
multipie/003_01_01_240_09.jpg,18,6,165,165
multipie/011_01_01_110_01.jpg,34,13,146,146
multipie/169_01_01_090_00.jpg,40,20,142,142
multipie/119_01_01_090_00.jpg,36,26,136,136
multipie/134_01_01_090_00.jpg,38,16,148,148
multipie/185_01_01_090_03.jpg,33,17,153,153
multipie/145_01_01_090_00.jpg,36,21,141,141
multipie/144_01_01_120_00.jpg,41,28,134,134
multipie/042_01_01_120_00.jpg,41,18,137,137
multipie/092_01_01_200_09.jpg,37,20,140,140
multipie/063_01_01_090_00.jpg,36,29,126,126
multipie/211_01_01_090_00.jpg,38,34,127,127
multipie/235_01_01_120_00.jpg,49,57,109,109
multipie/033_01_01_110_01.jpg,21,4,169,169
multipie/001_01_01_240_13.jpg,40,22,129,129
multipie/104_01_01_120_00.jpg,40,20,141,141
multipie/069_01_01_010_09.jpg,30,16,154,154
multipie/123_01_01_090_03.jpg,39,21,146,146
multipie/243_01_01_090_03.jpg,34,18,147,147
multipie/020_01_01_120_02.jpg,35,14,150,150
multipie/226_01_01_120_00.jpg,40,26,134,134
multipie/080_01_01_090_03.jpg,39,16,148,148
multipie/158_01_01_090_03.jpg,34,21,143,143
multipie/076_01_01_200_09.jpg,34,19,146,146
multipie/016_01_01_090_00.jpg,39,33,120,120
multipie/058_01_01_090_03.jpg,36,17,151,151
multipie/186_01_01_120_00.jpg,38,21,138,138
multipie/073_01_01_120_00.jpg,39,20,140,140
multipie/223_01_01_120_02.jpg,47,36,129,129
multipie/152_01_01_090_03.jpg,41,13,146,146
multipie/236_01_01_090_03.jpg,35,23,146,146
multipie/196_01_01_120_00.jpg,40,21,139,139
multipie/152_01_01_120_00.jpg,53,70,78,78
multipie/096_01_01_010_09.jpg,36,17,151,151
multipie/014_01_01_240_09.jpg,52,41,120,120
multipie/183_01_01_120_00.jpg,43,28,128,128
multipie/045_01_01_120_00.jpg,44,38,131,131
multipie/227_01_01_090_00.jpg,37,23,139,139
multipie/087_01_01_090_00.jpg,42,21,139,139
multipie/033_01_01_120_00.jpg,47,31,121,121
multipie/156_01_01_120_00.jpg,41,18,141,141
multipie/074_01_01_090_00.jpg,38,24,140,140
multipie/214_01_01_090_00.jpg,37,23,136,136
multipie/087_01_01_090_03.jpg,39,19,148,148
multipie/100_01_01_090_03.jpg,34,20,147,147
multipie/241_01_01_090_03.jpg,38,17,146,146
multipie/024_01_01_110_01.jpg,1,6,97,97
multipie/047_01_01_010_09.jpg,38,28,142,142
multipie/003_01_01_120_00.jpg,43,36,125,125
multipie/215_01_01_090_00.jpg,39,22,141,141
multipie/052_01_01_120_02.jpg,35,21,147,147
multipie/244_01_01_090_00.jpg,39,34,115,115
multipie/021_01_01_010_09.jpg,30,19,148,148
multipie/008_01_01_110_01.jpg,36,17,141,141
multipie/230_01_01_090_00.jpg,39,22,137,137
multipie/174_01_01_120_02.jpg,65,95,58,58
multipie/046_01_01_120_00.jpg,60,44,89,89
multipie/199_01_01_090_03.jpg,38,20,144,144
multipie/057_01_01_090_00.jpg,35,16,148,148
multipie/034_01_01_010_09.jpg,26,12,156,156
multipie/183_01_01_120_02.jpg,33,19,147,147
multipie/104_01_01_090_00.jpg,37,21,140,140
multipie/044_01_01_120_00.jpg,38,19,146,146
multipie/112_01_01_120_00.jpg,49,32,119,119
multipie/006_01_01_240_09.jpg,29,14,147,147
multipie/121_01_01_090_00.jpg,38,21,136,136
multipie/007_01_01_240_09.jpg,27,12,157,157
multipie/091_01_01_010_09.jpg,36,29,135,135
multipie/003_01_01_110_01.jpg,62,77,92,92
multipie/033_01_01_090_00.jpg,39,24,133,133
multipie/038_01_01_010_09.jpg,34,19,144,144
multipie/183_01_01_090_03.jpg,32,19,146,146
multipie/206_01_01_090_03.jpg,31,16,150,150
multipie/182_01_01_120_00.jpg,39,16,150,150
multipie/052_01_01_120_00.jpg,35,19,144,144
multipie/230_01_01_090_03.jpg,33,18,149,149
multipie/101_01_01_090_03.jpg,33,15,157,157
multipie/229_01_01_090_03.jpg,34,19,147,147
multipie/226_01_01_090_03.jpg,32,21,145,145
multipie/155_01_01_090_00.jpg,41,25,131,131
multipie/185_01_01_120_00.jpg,40,25,137,137
multipie/090_01_01_120_00.jpg,39,21,150,150
multipie/102_01_01_090_03.jpg,29,25,145,145
multipie/144_01_01_120_02.jpg,37,23,141,141
multipie/070_01_01_240_09.jpg,31,9,158,158
multipie/186_01_01_090_03.jpg,32,16,148,148
multipie/011_01_01_120_00.jpg,42,27,130,130
multipie/231_01_01_120_02.jpg,35,22,143,143
multipie/007_01_01_120_02.jpg,42,20,148,148
multipie/117_01_01_120_00.jpg,46,21,134,134
multipie/175_01_01_090_03.jpg,34,20,147,147
multipie/132_01_01_090_00.jpg,39,24,136,136
multipie/011_01_01_090_00.jpg,37,23,137,137
multipie/137_01_01_090_03.jpg,31,14,161,161
multipie/096_01_01_090_00.jpg,40,26,137,137
multipie/086_01_01_200_09.jpg,36,10,140,140
multipie/009_01_01_240_09.jpg,38,19,140,140
multipie/001_01_01_110_01.jpg,51,27,115,115
multipie/022_01_01_240_09.jpg,25,10,161,161
multipie/088_01_01_240_09.jpg,33,17,144,144
multipie/236_01_01_120_02.jpg,40,23,143,143
multipie/004_01_01_090_03.jpg,36,20,144,144
multipie/227_01_01_120_02.jpg,34,20,152,152
multipie/095_01_01_200_09.jpg,36,17,149,149
multipie/069_01_01_120_02.jpg,41,28,135,135
multipie/203_01_01_090_03.jpg,32,19,146,146
multipie/004_01_01_240_09.jpg,16,6,171,171
multipie/029_01_01_200_09.jpg,34,12,153,153
multipie/084_01_01_200_09.jpg,36,21,144,144
multipie/094_01_01_090_00.jpg,43,22,135,135
multipie/031_01_01_120_02.jpg,47,29,137,137
multipie/216_01_01_120_02.jpg,43,23,136,136
multipie/156_01_01_090_03.jpg,35,13,150,150
multipie/037_01_01_090_03.jpg,35,21,138,138
multipie/081_01_01_090_03.jpg,39,22,149,149
multipie/007_01_01_090_00.jpg,40,24,137,137
multipie/220_01_01_120_00.jpg,39,26,134,134
multipie/217_01_01_090_03.jpg,31,15,153,153
multipie/007_01_01_120_00.jpg,42,29,137,137
multipie/005_01_01_110_01.jpg,54,36,105,105
multipie/147_01_01_090_03.jpg,39,23,137,137
multipie/041_01_01_200_09.jpg,39,17,142,142
multipie/028_01_01_120_02.jpg,41,23,145,145
multipie/164_01_01_090_03.jpg,45,19,143,143
multipie/022_01_01_200_09.jpg,32,19,146,146
multipie/004_01_01_090_00.jpg,39,19,139,139
multipie/143_01_01_090_03.jpg,35,16,146,146
multipie/235_01_01_120_02.jpg,41,43,125,125
multipie/142_01_01_120_02.jpg,35,18,149,149
multipie/243_01_01_120_00.jpg,38,23,137,137
multipie/210_01_01_090_03.jpg,41,29,126,126
multipie/043_01_01_120_00.jpg,43,25,136,136
multipie/080_01_01_090_00.jpg,42,21,138,138
multipie/159_01_01_120_02.jpg,40,24,145,145
multipie/170_01_01_090_03.jpg,33,18,152,152
multipie/148_01_01_090_00.jpg,41,33,127,127
multipie/047_01_01_110_01.jpg,46,35,133,133
multipie/024_01_01_010_09.jpg,26,9,168,168
multipie/048_01_01_120_00.jpg,38,16,150,150
multipie/027_01_01_200_09.jpg,36,18,151,151
multipie/049_01_01_200_09.jpg,36,21,142,142
multipie/030_01_01_010_09.jpg,36,7,151,151
multipie/200_01_01_090_00.jpg,42,24,134,134
multipie/005_01_01_120_00.jpg,44,18,142,142
multipie/086_01_01_090_00.jpg,36,19,139,139
multipie/088_01_01_120_02.jpg,39,24,142,142
multipie/096_01_01_240_09.jpg,26,13,159,159
multipie/060_01_01_090_03.jpg,36,24,146,146
multipie/219_01_01_120_02.jpg,39,25,139,139
multipie/031_01_01_120_00.jpg,46,33,126,126
multipie/166_01_01_090_03.jpg,36,15,147,147
multipie/136_01_01_090_03.jpg,36,17,150,150
multipie/136_01_01_120_00.jpg,39,18,146,146
multipie/228_01_01_090_00.jpg,41,24,136,136
multipie/164_01_01_120_00.jpg,45,11,152,152
multipie/065_01_01_120_00.jpg,34,16,146,146
multipie/203_01_01_120_00.jpg,44,42,121,121
multipie/219_01_01_090_03.jpg,35,22,141,141
multipie/113_01_01_090_03.jpg,37,23,142,142
multipie/192_01_01_120_00.jpg,43,30,131,131
multipie/106_01_01_120_00.jpg,46,20,137,137
multipie/110_01_01_090_00.jpg,42,46,119,119
multipie/114_01_01_120_00.jpg,40,24,137,137
multipie/100_01_01_120_02.jpg,34,24,141,141
multipie/135_01_01_090_03.jpg,38,17,148,148
multipie/028_01_01_120_00.jpg,41,16,141,141
multipie/199_01_01_090_00.jpg,38,21,139,139
multipie/023_01_01_090_00.jpg,36,19,142,142
multipie/234_01_01_120_00.jpg,38,26,138,138
multipie/108_01_01_090_03.jpg,31,11,160,160
multipie/023_01_01_120_00.jpg,41,23,136,136
multipie/089_01_01_010_09.jpg,35,15,145,145
multipie/060_01_01_120_02.jpg,38,30,136,136
multipie/122_01_01_120_00.jpg,48,29,124,124
multipie/056_01_01_120_00.jpg,52,30,118,118
multipie/198_01_01_120_00.jpg,60,70,94,94
multipie/149_01_01_090_00.jpg,39,23,136,136
multipie/174_01_01_090_03.jpg,60,83,72,72
multipie/036_01_01_010_09.jpg,35,14,147,147
multipie/163_01_01_120_02.jpg,37,10,157,157
multipie/034_01_01_090_03.jpg,33,17,149,149
multipie/031_01_01_090_00.jpg,39,24,138,138
multipie/048_01_01_110_01.jpg,25,4,169,169
multipie/111_01_01_090_00.jpg,43,32,122,122
multipie/013_01_01_090_03.jpg,34,19,148,148
multipie/184_01_01_120_00.jpg,32,11,145,145
multipie/030_01_01_120_00.jpg,44,24,134,134
multipie/062_01_01_090_03.jpg,37,18,143,143
multipie/047_01_01_090_00.jpg,39,30,129,129
multipie/027_01_01_240_09.jpg,27,17,163,163
multipie/035_01_01_120_00.jpg,40,21,146,146
multipie/003_01_01_200_09.jpg,31,19,144,144
multipie/244_01_01_090_03.jpg,28,21,143,143
multipie/038_01_01_120_00.jpg,47,34,120,120
multipie/204_01_01_090_00.jpg,43,20,139,139
multipie/075_01_01_120_00.jpg,38,31,131,131
multipie/133_01_01_120_02.jpg,45,20,141,141
multipie/017_01_01_200_09.jpg,36,16,146,146
multipie/180_01_01_120_02.jpg,31,20,157,157
multipie/025_01_01_010_09.jpg,30,10,155,155
multipie/108_01_01_090_00.jpg,39,17,147,147
multipie/033_01_01_240_09.jpg,28,18,156,156
multipie/073_01_01_090_00.jpg,38,19,141,141
multipie/187_01_01_090_03.jpg,25,50,166,166
multipie/195_01_01_120_00.jpg,57,67,87,87
multipie/167_01_01_090_00.jpg,43,33,122,122
multipie/087_01_01_120_02.jpg,44,21,144,144
multipie/220_01_01_090_00.jpg,35,24,138,138
multipie/100_01_01_240_09.jpg,31,14,154,154
multipie/241_01_01_120_02.jpg,43,19,151,151
multipie/034_01_01_090_00.jpg,38,18,144,144
multipie/030_01_01_110_01.jpg,43,21,140,140
multipie/107_01_01_090_00.jpg,38,19,138,138
multipie/012_01_01_090_00.jpg,39,15,142,142
multipie/211_01_01_090_03.jpg,33,28,140,140
multipie/035_01_01_120_02.jpg,35,17,160,160
multipie/015_01_01_200_09.jpg,32,22,150,150
multipie/020_01_01_110_01.jpg,47,22,127,127
multipie/131_01_01_120_02.jpg,43,29,135,135
multipie/223_01_01_090_03.jpg,33,17,160,160
multipie/067_01_01_120_00.jpg,38,29,135,135
multipie/082_01_01_120_02.jpg,47,30,136,136
multipie/093_01_01_090_03.jpg,38,18,146,146
multipie/001_01_01_120_02.jpg,39,19,139,139
multipie/110_01_01_120_00.jpg,46,59,102,102
multipie/050_01_01_200_09.jpg,34,20,147,147
multipie/231_01_01_090_03.jpg,29,19,153,153
multipie/004_01_01_010_09.jpg,30,14,155,155
multipie/026_01_01_120_00.jpg,34,15,148,148
multipie/089_01_01_110_01.jpg,32,4,151,151
multipie/038_01_01_110_01.jpg,71,12,65,65
multipie/010_01_01_010_09.jpg,33,18,148,148
multipie/100_01_01_090_00.jpg,36,21,147,147
multipie/098_01_01_090_00.jpg,41,19,146,146
multipie/099_01_01_200_09.jpg,36,15,146,146
multipie/145_01_01_120_02.jpg,30,15,154,154
multipie/177_01_01_120_02.jpg,42,30,125,125
multipie/002_01_01_200_09.jpg,31,17,151,151
multipie/068_01_01_120_02.jpg,37,32,129,129
multipie/016_01_01_090_03.jpg,35,28,129,129
multipie/095_01_01_010_09.jpg,38,19,148,148
multipie/079_01_01_110_01.jpg,13,59,71,71
multipie/098_01_01_120_00.jpg,43,22,139,139
multipie/009_01_01_120_00.jpg,39,16,147,147
multipie/033_01_01_200_09.jpg,35,15,149,149
multipie/014_01_01_010_09.jpg,47,29,130,130
multipie/053_01_01_200_09.jpg,38,22,139,139
multipie/036_01_01_120_00.jpg,40,22,136,136
multipie/200_01_01_090_03.jpg,35,19,147,147
multipie/024_01_01_120_02.jpg,36,18,180,180
multipie/168_01_01_090_03.jpg,31,16,155,155
multipie/088_01_01_090_00.jpg,40,22,134,134
multipie/173_01_01_090_03.jpg,35,24,143,143
multipie/193_01_01_120_02.jpg,36,15,151,151
multipie/193_01_01_090_00.jpg,38,19,144,144
multipie/191_01_01_120_00.jpg,39,19,141,141
multipie/024_01_01_200_09.jpg,29,14,164,164
multipie/056_01_01_090_03.jpg,33,15,159,159
multipie/058_01_01_010_09.jpg,35,15,150,150
multipie/208_01_01_120_02.jpg,40,27,141,141
multipie/062_01_01_240_09.jpg,43,28,119,119
multipie/239_01_01_090_03.jpg,34,30,132,132
multipie/085_01_01_240_09.jpg,33,13,146,146
multipie/077_01_01_200_09.jpg,35,15,145,145
multipie/058_01_01_120_00.jpg,43,26,134,134
multipie/003_01_01_090_00.jpg,37,25,138,138
multipie/160_01_01_090_00.jpg,41,22,137,137
multipie/007_01_01_090_03.jpg,38,19,148,148
multipie/222_01_01_090_00.jpg,38,22,135,135
multipie/166_01_01_120_02.jpg,34,12,160,160
multipie/052_01_01_090_00.jpg,34,19,144,144
multipie/245_01_01_090_03.jpg,35,21,141,141
multipie/005_01_01_240_09.jpg,28,10,154,154
multipie/020_01_01_090_00.jpg,36,15,150,150
multipie/068_01_01_090_03.jpg,34,24,142,142
multipie/030_01_01_090_03.jpg,36,12,152,152
multipie/115_01_01_090_00.jpg,48,51,104,104
multipie/248_01_01_090_00.jpg,43,27,137,137
multipie/182_01_01_120_02.jpg,42,21,149,149
multipie/099_01_01_120_00.jpg,42,20,137,137
multipie/085_01_01_120_00.jpg,46,27,121,121
multipie/068_01_01_200_09.jpg,28,20,148,148
multipie/066_01_01_110_01.jpg,34,25,138,138
multipie/122_01_01_090_00.jpg,42,23,134,134
multipie/095_01_01_240_09.jpg,32,13,157,157
multipie/072_01_01_200_09.jpg,32,16,143,143
multipie/093_01_01_090_00.jpg,41,17,140,140
multipie/150_01_01_120_02.jpg,30,9,161,161
multipie/082_01_01_110_01.jpg,48,29,134,134
multipie/065_01_01_200_09.jpg,35,18,143,143
multipie/092_01_01_090_03.jpg,37,20,149,149
multipie/075_01_01_090_03.jpg,29,18,153,153
multipie/026_01_01_090_00.jpg,34,16,145,145
multipie/232_01_01_120_00.jpg,49,41,119,119
multipie/081_01_01_240_09.jpg,31,18,151,151
multipie/050_01_01_090_00.jpg,35,22,143,143
multipie/056_01_01_090_00.jpg,37,20,147,147
multipie/218_01_01_090_03.jpg,35,15,150,150
multipie/081_01_01_120_00.jpg,40,24,142,142
multipie/024_01_01_090_00.jpg,36,17,153,153
multipie/161_01_01_120_02.jpg,43,30,114,114
multipie/127_01_01_120_02.jpg,35,16,150,150
multipie/171_01_01_120_02.jpg,38,21,148,148
multipie/129_01_01_120_00.jpg,63,109,61,61
multipie/083_01_01_010_09.jpg,38,18,147,147
multipie/201_01_01_120_00.jpg,40,23,135,135
multipie/098_01_01_090_03.jpg,34,15,156,156
multipie/107_01_01_120_00.jpg,42,25,127,127
multipie/080_01_01_120_02.jpg,39,17,147,147
multipie/082_01_01_240_09.jpg,33,18,152,152
multipie/043_01_01_240_09.jpg,41,21,145,145
multipie/009_01_01_090_03.jpg,38,17,147,147
multipie/065_01_01_090_03.jpg,34,16,147,147
multipie/138_01_01_090_03.jpg,37,21,141,141
multipie/029_01_01_120_00.jpg,41,15,144,144
multipie/020_01_01_240_09.jpg,34,14,153,153
multipie/216_01_01_090_00.jpg,42,23,133,133
multipie/029_01_01_110_01.jpg,36,15,140,140
multipie/032_01_01_200_09.jpg,36,23,141,141
multipie/118_01_01_090_00.jpg,40,28,124,124
multipie/177_01_01_090_03.jpg,35,21,142,142
multipie/177_01_01_120_00.jpg,45,30,127,127
multipie/074_01_01_200_09.jpg,32,17,149,149
multipie/167_01_01_090_03.jpg,36,26,143,143
multipie/186_01_01_120_02.jpg,37,17,139,139
multipie/203_01_01_090_00.jpg,39,31,130,130
multipie/131_01_01_090_00.jpg,41,25,136,136
multipie/223_01_01_090_00.jpg,42,27,135,135
multipie/028_01_01_010_09.jpg,31,16,154,154
multipie/054_01_01_110_01.jpg,40,4,180,180
multipie/184_01_01_120_02.jpg,46,28,114,114
multipie/115_01_01_120_02.jpg,63,13,73,73
multipie/205_01_01_090_00.jpg,40,20,136,136
multipie/206_01_01_120_02.jpg,32,16,155,155
multipie/225_01_01_120_02.jpg,36,21,141,141
multipie/077_01_01_090_00.jpg,39,19,138,138
multipie/096_01_01_090_03.jpg,34,22,148,148
multipie/067_01_01_110_01.jpg,66,49,73,73
multipie/214_01_01_120_00.jpg,38,22,137,137
multipie/133_01_01_120_00.jpg,44,21,133,133
multipie/044_01_01_010_09.jpg,33,17,149,149
multipie/250_01_01_090_00.jpg,38,18,144,144
multipie/125_01_01_120_00.jpg,43,34,126,126
multipie/182_01_01_090_03.jpg,33,15,156,156
multipie/132_01_01_090_03.jpg,30,16,157,157
multipie/231_01_01_120_00.jpg,46,47,111,111
multipie/230_01_01_120_00.jpg,40,24,132,132
multipie/035_01_01_240_09.jpg,27,9,163,163
multipie/093_01_01_010_09.jpg,35,11,154,154
multipie/246_01_01_120_00.jpg,38,19,146,146
multipie/179_01_01_090_03.jpg,37,15,150,150
multipie/020_01_01_090_03.jpg,33,14,153,153
multipie/204_01_01_120_00.jpg,43,21,138,138
multipie/022_01_01_010_09.jpg,35,21,138,138
multipie/111_01_01_090_03.jpg,36,22,138,138
multipie/021_01_01_120_00.jpg,38,21,136,136
multipie/006_01_01_110_01.jpg,37,16,143,143
multipie/031_01_01_090_03.jpg,36,23,143,143
multipie/126_01_01_090_03.jpg,38,23,142,142
multipie/043_01_01_010_09.jpg,39,23,142,142
multipie/105_01_01_090_03.jpg,36,12,151,151
multipie/211_01_01_120_02.jpg,37,30,138,138
multipie/170_01_01_120_00.jpg,44,25,132,132
multipie/164_01_01_090_00.jpg,40,14,146,146
multipie/233_01_01_090_00.jpg,40,20,135,135
multipie/090_01_01_240_09.jpg,34,18,140,140
multipie/218_01_01_120_00.jpg,41,22,137,137
multipie/015_01_01_120_02.jpg,36,31,139,139
multipie/094_01_01_010_09.jpg,34,20,146,146
multipie/248_01_01_090_03.jpg,38,24,146,146
multipie/008_01_01_090_00.jpg,37,20,141,141
multipie/179_01_01_120_00.jpg,39,16,147,147
multipie/074_01_01_120_00.jpg,40,35,133,133
multipie/026_01_01_010_09.jpg,26,10,158,158
multipie/084_01_01_240_09.jpg,27,19,154,154
multipie/113_01_01_120_00.jpg,42,28,128,128
multipie/138_01_01_120_00.jpg,55,37,109,109
multipie/070_01_01_090_00.jpg,38,16,146,146
multipie/044_01_01_200_09.jpg,35,19,143,143
multipie/192_01_01_120_02.jpg,34,20,160,160
multipie/029_01_01_090_00.jpg,39,16,144,144
multipie/109_01_01_090_00.jpg,34,18,149,149
multipie/195_01_01_090_00.jpg,40,36,126,126
multipie/072_01_01_240_09.jpg,27,12,151,151
multipie/027_01_01_120_00.jpg,42,18,146,146
multipie/199_01_01_120_02.jpg,44,19,148,148
multipie/076_01_01_010_09.jpg,54,70,95,95
multipie/085_01_01_090_03.jpg,36,19,144,144
multipie/234_01_01_090_03.jpg,34,24,147,147
multipie/117_01_01_090_00.jpg,45,20,134,134
multipie/080_01_01_120_00.jpg,47,23,134,134
multipie/105_01_01_120_02.jpg,36,14,152,152
multipie/005_01_01_120_02.jpg,39,19,147,147
multipie/207_01_01_090_00.jpg,40,20,139,139
multipie/098_01_01_120_02.jpg,35,17,154,154
multipie/084_01_01_120_00.jpg,47,37,118,118
multipie/037_01_01_010_09.jpg,58,62,108,108
multipie/045_01_01_010_09.jpg,37,21,146,146
multipie/179_01_01_120_02.jpg,31,8,157,157
multipie/207_01_01_120_00.jpg,40,23,133,133
multipie/089_01_01_120_00.jpg,41,19,138,138
multipie/098_01_01_010_09.jpg,36,15,147,147
multipie/242_01_01_090_00.jpg,42,31,124,124
multipie/223_01_01_120_00.jpg,46,37,130,130
multipie/155_01_01_120_02.jpg,37,15,154,154
multipie/059_01_01_120_02.jpg,34,20,152,152
multipie/094_01_01_200_09.jpg,34,18,143,143
multipie/106_01_01_120_02.jpg,42,18,149,149
multipie/143_01_01_120_02.jpg,35,15,146,146
multipie/176_01_01_120_02.jpg,39,19,142,142
multipie/062_01_01_120_00.jpg,40,25,130,130
multipie/162_01_01_120_00.jpg,37,14,154,154
multipie/242_01_01_090_03.jpg,33,14,155,155
multipie/159_01_01_120_00.jpg,46,25,130,130
multipie/041_01_01_120_00.jpg,45,21,129,129
multipie/187_01_01_090_00.jpg,34,25,141,141
multipie/164_01_01_120_02.jpg,56,22,128,128
multipie/085_01_01_110_01.jpg,12,51,75,75
multipie/014_01_01_200_09.jpg,39,22,140,140
multipie/064_01_01_090_00.jpg,37,20,143,143
multipie/119_01_01_120_02.jpg,33,23,148,148
multipie/010_01_01_200_09.jpg,33,21,144,144
multipie/065_01_01_120_02.jpg,31,15,157,157
multipie/091_01_01_120_02.jpg,31,14,172,172
multipie/146_01_01_090_03.jpg,33,22,147,147
multipie/031_01_01_110_01.jpg,53,130,88,88
multipie/053_01_01_120_00.jpg,43,22,135,135
multipie/017_01_01_120_02.jpg,37,21,147,147
multipie/156_01_01_120_02.jpg,38,15,150,150
multipie/092_01_01_120_02.jpg,34,22,146,146
multipie/162_01_01_090_03.jpg,32,11,160,160
multipie/176_01_01_120_00.jpg,46,35,125,125
multipie/027_01_01_120_02.jpg,45,29,144,144
multipie/085_01_01_200_09.jpg,34,17,145,145
multipie/120_01_01_090_00.jpg,46,34,115,115
multipie/168_01_01_120_00.jpg,46,38,127,127
multipie/070_01_01_090_03.jpg,36,18,148,148
multipie/060_01_01_010_09.jpg,37,21,136,136
multipie/217_01_01_120_02.jpg,31,15,153,153
multipie/018_01_01_090_03.jpg,33,18,144,144
multipie/089_01_01_240_09.jpg,30,11,151,151
multipie/088_01_01_010_09.jpg,37,17,139,139
multipie/233_01_01_090_03.jpg,39,18,138,138
multipie/013_01_01_240_09.jpg,27,11,154,154
multipie/001_01_01_200_09.jpg,35,17,143,143
multipie/246_01_01_090_00.jpg,34,17,150,150
multipie/160_01_01_120_00.jpg,41,18,141,141
multipie/232_01_01_120_02.jpg,41,30,143,143
multipie/088_01_01_200_09.jpg,38,18,138,138
multipie/028_01_01_090_03.jpg,37,17,149,149
multipie/004_01_01_200_09.jpg,35,17,150,150
multipie/196_01_01_090_00.jpg,36,19,146,146
multipie/232_01_01_090_00.jpg,41,31,131,131
multipie/240_01_01_090_00.jpg,38,20,145,145
multipie/034_01_01_240_09.jpg,22,8,163,163
multipie/070_01_01_120_02.jpg,35,16,150,150
multipie/204_01_01_120_02.jpg,36,21,145,145
multipie/148_01_01_090_03.jpg,34,22,148,148
multipie/208_01_01_090_03.jpg,33,21,149,149
multipie/059_01_01_240_09.jpg,39,24,143,143
multipie/068_01_01_010_09.jpg,33,21,145,145
multipie/166_01_01_120_00.jpg,40,14,144,144
multipie/040_01_01_240_09.jpg,35,19,150,150
multipie/162_01_01_120_02.jpg,24,8,160,160
multipie/063_01_01_110_01.jpg,56,70,102,102
multipie/093_01_01_200_09.jpg,37,12,149,149
multipie/076_01_01_090_03.jpg,35,20,150,150
multipie/105_01_01_090_00.jpg,40,17,144,144
multipie/093_01_01_240_09.jpg,24,7,163,163
multipie/060_01_01_200_09.jpg,35,20,139,139
multipie/035_01_01_090_00.jpg,38,19,144,144
multipie/148_01_01_120_02.jpg,28,12,160,160
multipie/067_01_01_200_09.jpg,30,19,150,150
multipie/118_01_01_120_00.jpg,46,35,109,109
multipie/025_01_01_240_09.jpg,27,13,151,151
multipie/078_01_01_090_03.jpg,31,20,148,148
multipie/144_01_01_090_03.jpg,34,21,146,146
multipie/054_01_01_090_03.jpg,39,21,141,141
multipie/125_01_01_090_00.jpg,39,29,134,134
multipie/067_01_01_240_09.jpg,17,13,167,167
multipie/015_01_01_090_03.jpg,35,27,141,141
multipie/001_01_01_200_11.jpg,33,17,147,147
multipie/217_01_01_120_00.jpg,41,20,137,137
multipie/240_01_01_120_02.jpg,27,8,164,164
multipie/151_01_01_120_00.jpg,47,33,122,122
multipie/100_01_01_120_00.jpg,37,22,143,143
multipie/246_01_01_090_03.jpg,31,14,154,154
multipie/012_01_01_010_09.jpg,31,5,167,167
multipie/249_01_01_090_03.jpg,34,18,148,148
multipie/099_01_01_090_03.jpg,38,17,142,142
multipie/072_01_01_090_00.jpg,34,17,143,143
multipie/231_01_01_090_00.jpg,38,33,129,129
multipie/215_01_01_090_03.jpg,34,18,145,145
multipie/239_01_01_120_02.jpg,40,37,125,125
multipie/155_01_01_090_03.jpg,34,18,149,149
multipie/011_01_01_200_09.jpg,35,19,144,144
multipie/212_01_01_090_00.jpg,39,19,141,141
multipie/234_01_01_120_02.jpg,38,28,143,143
multipie/154_01_01_090_03.jpg,36,19,151,151
multipie/116_01_01_090_00.jpg,39,23,139,139
multipie/172_01_01_090_00.jpg,41,19,144,144
multipie/051_01_01_120_00.jpg,57,68,102,102
multipie/161_01_01_090_00.jpg,39,23,134,134
multipie/228_01_01_120_02.jpg,41,25,140,140
multipie/165_01_01_120_02.jpg,34,24,154,154
multipie/234_01_01_090_00.jpg,37,26,138,138
multipie/019_01_01_090_03.jpg,35,15,149,149
multipie/008_01_01_240_09.jpg,36,15,139,139
multipie/035_01_01_010_09.jpg,28,10,167,167
multipie/219_01_01_090_00.jpg,39,25,133,133
multipie/104_01_01_090_03.jpg,34,15,151,151
multipie/056_01_01_120_02.jpg,28,4,171,171
multipie/015_01_01_090_00.jpg,38,28,131,131
multipie/001_01_01_090_03.jpg,36,18,142,142
multipie/052_01_01_090_03.jpg,35,20,146,146
multipie/126_01_01_120_00.jpg,48,46,114,114
multipie/001_01_01_240_09.jpg,38,20,136,136
multipie/066_01_01_200_09.jpg,35,24,143,143
multipie/001_01_01_090_00.jpg,41,22,135,135
multipie/051_01_01_120_02.jpg,31,16,165,165
multipie/013_01_01_010_09.jpg,34,17,148,148
multipie/185_01_01_090_00.jpg,39,24,138,138
multipie/140_01_01_120_02.jpg,30,23,155,155
multipie/045_01_01_120_02.jpg,45,30,148,148
multipie/128_01_01_120_02.jpg,40,20,141,141
multipie/196_01_01_090_03.jpg,35,18,143,143
multipie/040_01_01_200_09.jpg,38,18,145,145
multipie/078_01_01_120_00.jpg,38,22,140,140
multipie/025_01_01_090_03.jpg,34,13,154,154
multipie/194_01_01_090_03.jpg,30,16,155,155
multipie/169_01_01_090_03.jpg,36,18,147,147
multipie/190_01_01_120_00.jpg,58,78,81,81
multipie/224_01_01_090_03.jpg,35,24,149,149
multipie/112_01_01_090_03.jpg,37,18,145,145
multipie/029_01_01_240_09.jpg,30,9,159,159
multipie/075_01_01_120_02.jpg,30,20,148,148
multipie/072_01_01_120_02.jpg,26,11,157,157
multipie/025_01_01_120_02.jpg,33,11,160,160
multipie/016_01_01_120_00.jpg,54,55,87,87
multipie/050_01_01_120_02.jpg,33,18,152,152
multipie/103_01_01_090_03.jpg,36,15,150,150
multipie/012_01_01_120_00.jpg,42,27,133,133
multipie/130_01_01_120_00.jpg,50,35,109,109
multipie/029_01_01_090_03.jpg,35,14,154,154
multipie/058_01_01_120_02.jpg,36,17,151,151
multipie/072_01_01_120_00.jpg,33,16,144,144
multipie/058_01_01_110_01.jpg,39,20,142,142
multipie/202_01_01_120_00.jpg,40,28,134,134
multipie/162_01_01_090_00.jpg,35,16,153,153
multipie/046_01_01_200_09.jpg,32,17,147,147
multipie/052_01_01_240_09.jpg,48,18,125,125
multipie/009_01_01_090_00.jpg,37,16,148,148
multipie/082_01_01_120_00.jpg,50,31,129,129
multipie/228_01_01_090_03.jpg,36,19,145,145
multipie/116_01_01_120_02.jpg,40,32,135,135
multipie/091_01_01_120_00.jpg,48,18,127,127
multipie/194_01_01_090_00.jpg,34,19,145,145
multipie/058_01_01_090_00.jpg,39,20,142,142
multipie/043_01_01_090_00.jpg,42,24,137,137
multipie/112_01_01_090_00.jpg,43,23,133,133
multipie/060_01_01_120_00.jpg,46,40,124,124
multipie/021_01_01_090_00.jpg,37,18,136,136
multipie/188_01_01_120_02.jpg,39,29,130,130
multipie/156_01_01_090_00.jpg,39,18,144,144
multipie/131_01_01_090_03.jpg,38,21,146,146
multipie/023_01_01_010_09.jpg,33,14,150,150
multipie/135_01_01_120_00.jpg,41,23,138,138
multipie/017_01_01_240_09.jpg,33,15,146,146
multipie/138_01_01_120_02.jpg,39,21,141,141
multipie/077_01_01_010_09.jpg,29,8,157,157
multipie/135_01_01_090_00.jpg,38,20,141,141
multipie/021_01_01_240_09.jpg,14,10,165,165
multipie/185_01_01_120_02.jpg,32,21,151,151
multipie/044_01_01_240_09.jpg,34,21,136,136
multipie/021_01_01_090_03.jpg,33,18,147,147
multipie/119_01_01_090_03.jpg,31,21,148,148
multipie/008_01_01_200_09.jpg,33,14,151,151
multipie/205_01_01_120_02.jpg,41,19,136,136
multipie/166_01_01_090_00.jpg,39,18,140,140
multipie/101_01_01_090_00.jpg,39,18,147,147
multipie/059_01_01_090_00.jpg,35,21,145,145
multipie/188_01_01_120_00.jpg,42,31,130,130
multipie/113_01_01_120_02.jpg,39,27,138,138
multipie/201_01_01_090_03.jpg,35,19,143,143
multipie/027_01_01_010_09.jpg,40,19,145,145
multipie/237_01_01_090_03.jpg,36,19,144,144
multipie/178_01_01_090_03.jpg,35,16,154,154
multipie/200_01_01_120_02.jpg,32,16,161,161
multipie/028_01_01_200_09.jpg,41,21,132,132
multipie/013_01_01_120_00.jpg,37,18,143,143
multipie/041_01_01_240_09.jpg,30,7,155,155
multipie/070_01_01_200_09.jpg,33,14,150,150
multipie/079_01_01_090_00.jpg,37,27,130,130
multipie/079_01_01_120_02.jpg,36,28,133,133
multipie/011_01_01_120_02.jpg,34,17,147,147
multipie/197_01_01_090_00.jpg,38,25,136,136
multipie/172_01_01_090_03.jpg,38,22,145,145
multipie/019_01_01_090_00.jpg,40,18,142,142
multipie/062_01_01_120_02.jpg,35,20,145,145
multipie/077_01_01_120_00.jpg,41,19,138,138
multipie/049_01_01_120_02.jpg,51,31,137,137
multipie/079_01_01_090_03.jpg,34,23,139,139
multipie/222_01_01_120_00.jpg,40,25,131,131
multipie/084_01_01_090_00.jpg,39,26,134,134
multipie/143_01_01_090_00.jpg,38,20,140,140
multipie/022_01_01_090_03.jpg,31,19,149,149
multipie/029_01_01_010_09.jpg,36,10,153,153
multipie/061_01_01_090_03.jpg,42,34,113,113
multipie/056_01_01_110_01.jpg,58,37,94,94
multipie/168_01_01_120_02.jpg,36,21,154,154
multipie/056_01_01_200_09.jpg,30,11,159,159
multipie/064_01_01_090_03.jpg,32,17,149,149
multipie/099_01_01_110_01.jpg,39,14,143,143
multipie/082_01_01_090_03.jpg,42,24,146,146
multipie/036_01_01_090_00.jpg,39,23,137,137
multipie/249_01_01_090_00.jpg,40,26,139,139
multipie/109_01_01_090_03.jpg,30,17,155,155
multipie/061_01_01_010_09.jpg,40,31,129,129
multipie/100_01_01_010_09.jpg,36,16,148,148
multipie/100_01_01_110_01.jpg,18,0,180,180
multipie/068_01_01_090_00.jpg,39,28,134,134
multipie/095_01_01_090_03.jpg,37,17,150,150
multipie/054_01_01_120_02.jpg,40,23,143,143
multipie/057_01_01_120_02.jpg,34,13,153,153
multipie/202_01_01_090_00.jpg,37,27,136,136
multipie/092_01_01_090_00.jpg,42,24,135,135
multipie/114_01_01_120_02.jpg,30,12,162,162
multipie/097_01_01_090_00.jpg,33,22,139,139
multipie/064_01_01_240_09.jpg,33,14,145,145
multipie/054_01_01_200_09.jpg,40,20,138,138
multipie/212_01_01_120_00.jpg,46,21,131,131
multipie/193_01_01_120_00.jpg,41,18,143,143
multipie/031_01_01_010_09.jpg,33,16,151,151
multipie/197_01_01_120_02.jpg,35,21,143,143
multipie/071_01_01_200_09.jpg,30,11,155,155
multipie/115_01_01_120_00.jpg,59,82,72,72
multipie/117_01_01_120_02.jpg,45,24,138,138
multipie/216_01_01_120_00.jpg,47,24,130,130
multipie/191_01_01_090_00.jpg,33,20,149,149
multipie/028_01_01_090_00.jpg,38,17,142,142
multipie/077_01_01_120_02.jpg,37,14,146,146
multipie/118_01_01_120_02.jpg,47,37,101,101
multipie/091_01_01_090_03.jpg,34,24,147,147
multipie/096_01_01_110_01.jpg,43,31,131,131
multipie/036_01_01_200_09.jpg,36,18,142,142
multipie/083_01_01_120_02.jpg,36,18,155,155
multipie/207_01_01_120_02.jpg,37,17,145,145
multipie/105_01_01_120_00.jpg,41,19,140,140
multipie/040_01_01_010_09.jpg,40,17,145,145
multipie/093_01_01_120_02.jpg,38,16,149,149
multipie/066_01_01_240_09.jpg,24,15,158,158
multipie/176_01_01_090_03.jpg,30,13,155,155
multipie/139_01_01_090_03.jpg,35,22,141,141
multipie/205_01_01_120_00.jpg,43,21,135,135
multipie/051_01_01_090_03.jpg,31,19,150,150
multipie/128_01_01_090_00.jpg,40,20,140,140
multipie/215_01_01_120_00.jpg,40,21,138,138
multipie/109_01_01_120_00.jpg,36,21,141,141
multipie/154_01_01_120_02.jpg,38,21,150,150
multipie/102_01_01_120_00.jpg,58,72,105,105
multipie/080_01_01_200_09.jpg,36,14,148,148
multipie/117_01_01_090_03.jpg,40,15,147,147
multipie/021_01_01_120_02.jpg,32,0,183,183
multipie/050_01_01_010_09.jpg,32,20,148,148
multipie/034_01_01_120_02.jpg,27,12,162,162
multipie/068_01_01_240_09.jpg,26,17,157,157
multipie/006_01_01_090_03.jpg,33,15,152,152
multipie/025_01_01_200_09.jpg,34,13,148,148
multipie/200_01_01_120_00.jpg,46,27,132,132
multipie/239_01_01_090_00.jpg,35,30,128,128
multipie/052_01_01_110_01.jpg,40,25,135,135
multipie/247_01_01_090_00.jpg,42,23,130,130
multipie/063_01_01_120_02.jpg,53,66,111,111
multipie/081_01_01_090_00.jpg,39,19,148,148
multipie/078_01_01_200_09.jpg,29,19,148,148
multipie/071_01_01_120_00.jpg,39,19,144,144
multipie/208_01_01_120_00.jpg,44,31,127,127
multipie/076_01_01_090_00.jpg,41,27,136,136
multipie/066_01_01_010_09.jpg,36,21,143,143
multipie/056_01_01_010_09.jpg,23,8,172,172
multipie/082_01_01_090_00.jpg,43,25,139,139
multipie/030_01_01_240_09.jpg,30,5,154,154
multipie/137_01_01_120_00.jpg,36,16,154,154
multipie/047_01_01_240_09.jpg,35,28,146,146
multipie/089_01_01_200_09.jpg,37,15,145,145
multipie/050_01_01_120_00.jpg,35,20,145,145
multipie/095_01_01_110_01.jpg,42,20,145,145
multipie/035_01_01_090_03.jpg,33,13,158,158
multipie/082_01_01_200_09.jpg,38,22,143,143
multipie/113_01_01_090_00.jpg,42,26,128,128
multipie/019_01_01_120_02.jpg,38,17,145,145
multipie/189_01_01_120_02.jpg,68,20,62,62
multipie/120_01_01_120_02.jpg,62,53,68,68
multipie/136_01_01_090_00.jpg,37,16,151,151
multipie/090_01_01_200_09.jpg,38,15,150,150
multipie/024_01_01_120_00.jpg,43,23,137,137
multipie/078_01_01_010_09.jpg,32,20,145,145
multipie/107_01_01_090_03.jpg,35,18,146,146
multipie/046_01_01_090_00.jpg,45,31,124,124
multipie/157_01_01_090_03.jpg,35,17,149,149
multipie/087_01_01_120_00.jpg,49,26,131,131
multipie/073_01_01_010_09.jpg,32,20,148,148
multipie/037_01_01_120_00.jpg,51,56,102,102
multipie/020_01_01_200_09.jpg,31,15,153,153
multipie/021_01_01_200_09.jpg,31,18,146,146
multipie/023_01_01_240_09.jpg,30,13,151,151
multipie/123_01_01_120_02.jpg,39,19,154,154
multipie/218_01_01_120_02.jpg,30,5,162,162
multipie/190_01_01_090_03.jpg,30,19,159,159
multipie/001_01_01_110_00.jpg,56,31,107,107
multipie/201_01_01_120_02.jpg,32,16,150,150
multipie/229_01_01_120_00.jpg,41,27,135,135
multipie/171_01_01_090_00.jpg,39,23,139,139
multipie/158_01_01_120_02.jpg,38,24,143,143
multipie/114_01_01_090_00.jpg,37,18,146,146
multipie/060_01_01_090_00.jpg,41,27,140,140
multipie/146_01_01_120_02.jpg,32,23,150,150
multipie/075_01_01_090_00.jpg,33,23,145,145
multipie/057_01_01_200_09.jpg,35,14,147,147
multipie/186_01_01_090_00.jpg,36,22,138,138
multipie/013_01_01_090_00.jpg,35,18,146,146
multipie/122_01_01_090_03.jpg,41,22,141,141
multipie/048_01_01_200_09.jpg,33,13,156,156
multipie/127_01_01_090_03.jpg,36,17,147,147
multipie/010_01_01_120_02.jpg,34,24,143,143
multipie/057_01_01_010_09.jpg,33,11,157,157
multipie/040_01_01_120_00.jpg,48,24,134,134
multipie/108_01_01_120_00.jpg,41,17,143,143
multipie/235_01_01_090_03.jpg,35,30,142,142
multipie/188_01_01_090_03.jpg,34,22,143,143
multipie/137_01_01_120_02.jpg,25,6,175,175
multipie/219_01_01_120_00.jpg,45,30,125,125
multipie/095_01_01_120_00.jpg,46,24,138,138
multipie/055_01_01_010_09.jpg,35,17,144,144
multipie/121_01_01_120_00.jpg,43,23,127,127
multipie/184_01_01_090_03.jpg,33,16,142,142
multipie/045_01_01_090_00.jpg,41,31,135,135
multipie/217_01_01_090_00.jpg,36,17,145,145
multipie/017_01_01_120_00.jpg,44,25,133,133
multipie/052_01_01_200_09.jpg,36,21,142,142
multipie/055_01_01_200_09.jpg,32,20,143,143
multipie/030_01_01_090_00.jpg,42,20,138,138
multipie/175_01_01_120_02.jpg,33,17,151,151
multipie/101_01_01_120_00.jpg,43,23,144,144
multipie/151_01_01_090_03.jpg,41,22,136,136
multipie/230_01_01_120_02.jpg,31,17,152,152
multipie/246_01_01_120_02.jpg,35,17,151,151
multipie/041_01_01_110_01.jpg,35,10,149,149
multipie/169_01_01_120_02.jpg,38,19,145,145
multipie/184_01_01_090_00.jpg,35,19,138,138
multipie/145_01_01_090_03.jpg,30,16,154,154
multipie/058_01_01_240_09.jpg,27,11,155,155
multipie/089_01_01_090_03.jpg,34,14,151,151
multipie/180_01_01_090_03.jpg,30,21,152,152
multipie/071_01_01_120_02.jpg,32,15,155,155
multipie/233_01_01_120_00.jpg,41,16,137,137
multipie/020_01_01_120_00.jpg,37,13,150,150
multipie/177_01_01_090_00.jpg,40,24,135,135
multipie/006_01_01_120_00.jpg,39,16,146,146
multipie/049_01_01_240_09.jpg,30,14,151,151
multipie/048_01_01_090_00.jpg,39,16,147,147
multipie/079_01_01_120_00.jpg,42,35,118,118
multipie/052_01_01_010_09.jpg,40,20,140,140
multipie/066_01_01_120_00.jpg,39,27,133,133
multipie/141_01_01_120_00.jpg,39,14,144,144
multipie/017_01_01_010_09.jpg,36,14,148,148
multipie/126_01_01_090_00.jpg,40,28,136,136
multipie/227_01_01_120_00.jpg,41,24,138,138
multipie/069_01_01_240_09.jpg,20,13,158,158
multipie/002_01_01_120_00.jpg,36,21,139,139
multipie/097_01_01_120_00.jpg,36,16,147,147
multipie/071_01_01_090_03.jpg,31,12,159,159
multipie/224_01_01_120_02.jpg,40,28,148,148
multipie/010_01_01_090_03.jpg,35,22,145,145
multipie/128_01_01_120_00.jpg,45,23,131,131
multipie/018_01_01_200_09.jpg,33,13,152,152
multipie/240_01_01_090_03.jpg,31,13,157,157
multipie/017_01_01_090_03.jpg,37,18,147,147
multipie/123_01_01_090_00.jpg,37,20,147,147
multipie/011_01_01_240_09.jpg,32,15,143,143
multipie/028_01_01_240_09.jpg,56,65,106,106
multipie/027_01_01_110_01.jpg,19,74,73,73
multipie/041_01_01_120_02.jpg,40,17,141,141
multipie/149_01_01_090_03.jpg,37,23,143,143
multipie/107_01_01_120_02.jpg,35,17,146,146
multipie/096_01_01_120_02.jpg,36,25,145,145
multipie/025_01_01_090_00.jpg,39,17,144,144
multipie/026_01_01_240_09.jpg,28,13,149,149
multipie/057_01_01_120_00.jpg,36,16,148,148
multipie/214_01_01_120_02.jpg,38,20,144,144
multipie/022_01_01_090_00.jpg,37,21,135,135
multipie/197_01_01_120_00.jpg,44,29,127,127
multipie/095_01_01_090_00.jpg,41,18,147,147
multipie/175_01_01_120_00.jpg,36,20,142,142
multipie/250_01_01_090_03.jpg,31,11,162,162
multipie/210_01_01_090_00.jpg,42,36,119,119
multipie/014_01_01_110_01.jpg,53,36,121,121
multipie/003_01_01_120_02.jpg,45,49,116,116
multipie/152_01_01_090_00.jpg,40,14,144,144
multipie/065_01_01_010_09.jpg,27,10,160,160
multipie/043_01_01_120_02.jpg,41,23,143,143
multipie/089_01_01_090_00.jpg,41,18,142,142
multipie/133_01_01_090_03.jpg,39,21,140,140
multipie/009_01_01_110_01.jpg,41,18,144,144
multipie/127_01_01_090_00.jpg,41,20,140,140
multipie/139_01_01_120_02.jpg,68,12,72,72
multipie/170_01_01_120_02.jpg,40,22,150,150
multipie/142_01_01_090_03.jpg,35,19,151,151
multipie/249_01_01_120_00.jpg,43,28,133,133
multipie/024_01_01_240_09.jpg,17,10,173,173
multipie/032_01_01_240_09.jpg,35,26,137,137
multipie/135_01_01_120_02.jpg,31,4,172,172
multipie/140_01_01_120_00.jpg,42,34,137,137
multipie/086_01_01_090_03.jpg,26,9,172,172
multipie/157_01_01_120_02.jpg,37,17,150,150
multipie/221_01_01_120_02.jpg,39,16,151,151
multipie/061_01_01_090_00.jpg,47,45,98,98
multipie/203_01_01_120_02.jpg,33,25,141,141
multipie/018_01_01_090_00.jpg,36,14,148,148
multipie/037_01_01_200_09.jpg,36,24,150,150
multipie/221_01_01_120_00.jpg,46,21,135,135
multipie/039_01_01_090_00.jpg,43,38,119,119
multipie/212_01_01_090_03.jpg,34,17,150,150
multipie/141_01_01_120_02.jpg,40,17,152,152
multipie/111_01_01_120_02.jpg,36,27,135,135
multipie/112_01_01_120_02.jpg,43,26,131,131
multipie/063_01_01_200_09.jpg,31,24,139,139
multipie/014_01_01_090_00.jpg,44,23,140,140
multipie/040_01_01_120_02.jpg,47,28,129,129
multipie/064_01_01_120_00.jpg,38,21,139,139
multipie/033_01_01_090_03.jpg,35,21,143,143
multipie/040_01_01_090_00.jpg,42,21,142,142
multipie/074_01_01_010_09.jpg,32,19,146,146
multipie/075_01_01_200_09.jpg,34,21,137,137
multipie/053_01_01_090_00.jpg,38,20,139,139
multipie/238_01_01_090_00.jpg,37,36,120,120
multipie/002_01_01_120_02.jpg,34,22,146,146
multipie/043_01_01_090_03.jpg,37,20,148,148
multipie/083_01_01_120_00.jpg,43,24,141,141
multipie/212_01_01_120_02.jpg,36,19,153,153
multipie/072_01_01_010_09.jpg,32,15,145,145
multipie/180_01_01_120_00.jpg,39,23,139,139
multipie/089_01_01_120_02.jpg,32,14,155,155
multipie/198_01_01_090_03.jpg,44,23,125,125
multipie/205_01_01_090_03.jpg,38,20,140,140
multipie/049_01_01_090_03.jpg,40,23,143,143
multipie/026_01_01_090_03.jpg,31,17,148,148
multipie/238_01_01_120_00.jpg,56,80,79,79
multipie/008_01_01_090_03.jpg,34,18,146,146
multipie/192_01_01_090_03.jpg,34,24,147,147
multipie/015_01_01_010_09.jpg,27,19,162,162
multipie/042_01_01_090_00.jpg,34,16,149,149
multipie/048_01_01_090_03.jpg,34,15,151,151
multipie/026_01_01_200_09.jpg,30,15,149,149
multipie/030_01_01_120_02.jpg,41,12,150,150
multipie/048_01_01_010_09.jpg,33,15,157,157
multipie/009_01_01_200_09.jpg,37,16,148,148
multipie/041_01_01_090_03.jpg,38,19,139,139
multipie/054_01_01_090_00.jpg,38,23,138,138
multipie/049_01_01_010_09.jpg,40,22,139,139
multipie/183_01_01_090_00.jpg,39,27,129,129
multipie/032_01_01_090_03.jpg,33,21,145,145
multipie/022_01_01_110_01.jpg,66,12,67,67
multipie/163_01_01_090_03.jpg,37,14,149,149
multipie/130_01_01_090_03.jpg,37,25,139,139
multipie/145_01_01_120_00.jpg,37,20,141,141
multipie/165_01_01_120_00.jpg,41,26,137,137
multipie/109_01_01_120_02.jpg,32,23,147,147
multipie/049_01_01_090_00.jpg,40,24,137,137
multipie/150_01_01_120_00.jpg,43,24,137,137
multipie/005_01_01_200_09.jpg,31,13,157,157
multipie/099_01_01_090_00.jpg,42,20,136,136
multipie/151_01_01_120_02.jpg,49,38,118,118
multipie/100_01_01_200_09.jpg,35,18,144,144
multipie/188_01_01_090_00.jpg,35,24,142,142
multipie/206_01_01_120_00.jpg,41,19,128,128
multipie/243_01_01_090_00.jpg,39,23,138,138
multipie/142_01_01_120_00.jpg,45,26,130,130
multipie/067_01_01_090_03.jpg,34,24,143,143
multipie/178_01_01_120_02.jpg,37,15,151,151
multipie/080_01_01_240_09.jpg,33,9,151,151
multipie/001_01_01_120_00.jpg,48,26,125,125
multipie/003_01_01_010_09.jpg,31,14,152,152
multipie/158_01_01_090_00.jpg,41,25,136,136
multipie/103_01_01_120_00.jpg,47,26,128,128
multipie/032_01_01_090_00.jpg,38,24,136,136
multipie/227_01_01_090_03.jpg,34,22,145,145
multipie/220_01_01_120_02.jpg,34,24,150,150
multipie/159_01_01_090_03.jpg,36,23,144,144
multipie/023_01_01_200_09.jpg,32,15,150,150
multipie/154_01_01_120_00.jpg,39,20,142,142
multipie/136_01_01_120_02.jpg,36,19,148,148
multipie/005_01_01_010_09.jpg,31,11,162,162
multipie/247_01_01_090_03.jpg,38,18,138,138
multipie/027_01_01_090_03.jpg,37,20,150,150
multipie/077_01_01_240_09.jpg,28,7,159,159
multipie/224_01_01_120_00.jpg,49,41,120,120
multipie/029_01_01_120_02.jpg,36,13,154,154
multipie/140_01_01_090_00.jpg,37,27,139,139
multipie/084_01_01_090_03.jpg,34,24,141,141
multipie/087_01_01_200_09.jpg,40,18,142,142
multipie/209_01_01_120_00.jpg,50,64,90,90
multipie/174_01_01_120_00.jpg,62,87,63,63
multipie/134_01_01_120_02.jpg,45,20,148,148
multipie/090_01_01_110_01.jpg,33,19,142,142
multipie/225_01_01_120_00.jpg,50,54,108,108
multipie/224_01_01_090_00.jpg,39,29,137,137
multipie/175_01_01_090_00.jpg,39,23,133,133
multipie/018_01_01_010_09.jpg,35,11,149,149
multipie/196_01_01_120_02.jpg,34,17,145,145
multipie/049_01_01_120_00.jpg,47,31,126,126
multipie/006_01_01_200_09.jpg,34,18,148,148
multipie/082_01_01_010_09.jpg,41,22,143,143
multipie/064_01_01_110_01.jpg,39,17,141,141
multipie/126_01_01_120_02.jpg,59,81,79,79
multipie/221_01_01_090_03.jpg,37,18,147,147
multipie/225_01_01_090_03.jpg,22,11,165,165
multipie/010_01_01_110_01.jpg,50,39,110,110
multipie/009_01_01_010_09.jpg,40,13,149,149
multipie/008_01_01_120_02.jpg,34,17,152,152
multipie/040_01_01_090_03.jpg,41,22,141,141
multipie/064_01_01_120_02.jpg,30,15,150,150
multipie/248_01_01_120_02.jpg,39,27,146,146
multipie/137_01_01_090_00.jpg,36,19,150,150
multipie/059_01_01_010_09.jpg,36,19,147,147
multipie/147_01_01_120_00.jpg,45,27,127,127
multipie/097_01_01_010_09.jpg,50,48,122,122
multipie/094_01_01_240_09.jpg,28,14,153,153
multipie/053_01_01_120_02.jpg,39,20,145,145
multipie/194_01_01_120_02.jpg,31,14,158,158
multipie/046_01_01_240_09.jpg,37,21,136,136
multipie/180_01_01_090_00.jpg,36,23,142,142
multipie/039_01_01_200_09.jpg,35,30,127,127
multipie/133_01_01_090_00.jpg,39,21,138,138
multipie/242_01_01_120_00.jpg,56,68,93,93
multipie/084_01_01_010_09.jpg,32,22,148,148
multipie/195_01_01_090_03.jpg,35,30,135,135
multipie/228_01_01_120_00.jpg,47,27,131,131
multipie/161_01_01_090_03.jpg,38,21,134,134
multipie/097_01_01_120_02.jpg,38,28,142,142
multipie/039_01_01_010_09.jpg,42,40,106,106
multipie/250_01_01_120_02.jpg,31,14,155,155
multipie/008_01_01_010_09.jpg,36,15,146,146
multipie/211_01_01_120_00.jpg,47,37,113,113
multipie/099_01_01_120_02.jpg,36,17,145,145
multipie/132_01_01_120_02.jpg,34,18,154,154
multipie/178_01_01_120_00.jpg,42,17,144,144
multipie/005_01_01_090_03.jpg,37,17,150,150
multipie/198_01_01_090_00.jpg,44,31,120,120
multipie/092_01_01_240_09.jpg,32,17,148,148
multipie/004_01_01_120_00.jpg,37,17,147,147
multipie/062_01_01_110_01.jpg,62,45,79,79
multipie/074_01_01_090_03.jpg,34,22,145,145
multipie/146_01_01_120_00.jpg,38,26,137,137
multipie/076_01_01_120_02.jpg,40,31,138,138
multipie/074_01_01_120_02.jpg,33,23,140,140
multipie/042_01_01_090_03.jpg,36,19,147,147
multipie/013_01_01_120_02.jpg,34,16,149,149
multipie/091_01_01_200_09.jpg,32,20,146,146
multipie/124_01_01_120_02.jpg,48,21,147,147
multipie/226_01_01_090_00.jpg,36,22,140,140
multipie/171_01_01_090_03.jpg,37,20,146,146
multipie/002_01_01_010_09.jpg,29,12,155,155
multipie/007_01_01_200_09.jpg,34,17,148,148
multipie/235_01_01_090_00.jpg,41,41,133,133
multipie/146_01_01_090_00.jpg,37,23,139,139
multipie/189_01_01_090_03.jpg,32,20,143,143
multipie/018_01_01_120_02.jpg,34,16,149,149
multipie/067_01_01_120_02.jpg,24,14,160,160
multipie/085_01_01_120_02.jpg,36,22,142,142
multipie/073_01_01_120_02.jpg,32,20,150,150
multipie/143_01_01_120_00.jpg,37,17,147,147
multipie/073_01_01_200_09.jpg,31,16,151,151
multipie/046_01_01_090_03.jpg,63,98,70,70
multipie/140_01_01_090_03.jpg,31,20,155,155
multipie/071_01_01_010_09.jpg,27,9,158,158
multipie/202_01_01_090_03.jpg,34,21,147,147
multipie/173_01_01_120_02.jpg,40,28,144,144
multipie/093_01_01_110_01.jpg,35,15,148,148
multipie/048_01_01_120_02.jpg,32,12,158,158
multipie/002_01_01_090_03.jpg,31,19,151,151
multipie/008_01_01_120_00.jpg,42,25,135,135
multipie/055_01_01_090_00.jpg,46,46,102,102
multipie/033_01_01_010_09.jpg,35,14,154,154
multipie/167_01_01_120_02.jpg,39,31,137,137
multipie/097_01_01_090_03.jpg,34,29,139,139
multipie/091_01_01_090_00.jpg,40,22,138,138
multipie/036_01_01_240_09.jpg,32,12,152,152
multipie/134_01_01_090_03.jpg,32,12,162,162
multipie/037_01_01_090_00.jpg,43,35,122,122
multipie/070_01_01_010_09.jpg,31,10,157,157
multipie/245_01_01_120_00.jpg,45,34,117,117
multipie/079_01_01_010_09.jpg,33,27,135,135
multipie/087_01_01_240_09.jpg,44,20,135,135
multipie/245_01_01_090_00.jpg,42,25,130,130
multipie/142_01_01_090_00.jpg,39,22,140,140
multipie/163_01_01_090_00.jpg,41,16,143,143
multipie/125_01_01_090_03.jpg,33,26,143,143
multipie/081_01_01_200_09.jpg,37,21,145,145
multipie/161_01_01_120_00.jpg,38,20,136,136
multipie/071_01_01_090_00.jpg,36,19,147,147
multipie/054_01_01_120_00.jpg,43,28,129,129
multipie/032_01_01_010_09.jpg,38,35,133,133
multipie/086_01_01_110_01.jpg,10,61,76,76
multipie/207_01_01_090_03.jpg,38,18,144,144
multipie/099_01_01_010_09.jpg,36,17,145,145
multipie/138_01_01_090_00.jpg,43,28,124,124
multipie/119_01_01_120_00.jpg,36,29,135,135
multipie/187_01_01_120_02.jpg,25,16,166,166
multipie/163_01_01_120_00.jpg,43,16,142,142
multipie/015_01_01_120_00.jpg,39,29,134,134
multipie/247_01_01_120_02.jpg,37,17,138,138
multipie/012_01_01_120_02.jpg,33,13,156,156
multipie/170_01_01_090_00.jpg,34,17,151,151
multipie/067_01_01_010_09.jpg,31,21,149,149
multipie/092_01_01_120_00.jpg,47,38,122,122
multipie/149_01_01_120_02.jpg,40,27,144,144
multipie/031_01_01_240_09.jpg,29,17,155,155
multipie/147_01_01_120_02.jpg,38,24,144,144
multipie/001_01_01_010_12.jpg,37,21,139,139
multipie/001_01_01_010_09.jpg,35,19,143,143
multipie/002_01_01_240_09.jpg,19,10,167,167
multipie/038_01_01_090_03.jpg,37,21,142,142
multipie/075_01_01_010_09.jpg,25,17,151,151
multipie/059_01_01_200_09.jpg,31,20,148,148
multipie/202_01_01_120_02.jpg,35,22,150,150
multipie/091_01_01_110_01.jpg,43,9,172,172
multipie/236_01_01_120_00.jpg,49,31,121,121
multipie/080_01_01_010_09.jpg,34,16,143,143
multipie/048_01_01_240_09.jpg,24,7,163,163
multipie/080_01_01_110_01.jpg,52,27,118,118
multipie/035_01_01_200_09.jpg,32,12,160,160
multipie/098_01_01_110_01.jpg,28,12,164,164
multipie/066_01_01_120_02.jpg,25,17,156,156
multipie/201_01_01_090_00.jpg,38,23,138,138
multipie/103_01_01_120_02.jpg,35,18,151,151
multipie/033_01_01_120_02.jpg,42,23,137,137
multipie/206_01_01_090_00.jpg,38,21,135,135
multipie/216_01_01_090_03.jpg,39,20,141,141
multipie/014_01_01_120_02.jpg,44,28,141,141
multipie/085_01_01_090_00.jpg,43,23,130,130
multipie/047_01_01_120_02.jpg,42,34,135,135
multipie/053_01_01_010_09.jpg,38,18,143,143
multipie/085_01_01_010_09.jpg,30,16,149,149
multipie/078_01_01_110_01.jpg,25,15,153,153
multipie/078_01_01_120_02.jpg,33,25,143,143
multipie/053_01_01_240_09.jpg,36,18,144,144
multipie/199_01_01_120_00.jpg,38,19,143,143
multipie/078_01_01_240_09.jpg,24,10,155,155
multipie/022_01_01_120_02.jpg,32,20,144,144
multipie/047_01_01_200_09.jpg,34,26,143,143
multipie/010_01_01_240_09.jpg,31,20,145,145
multipie/087_01_01_010_09.jpg,43,20,138,138
multipie/131_01_01_120_00.jpg,45,30,130,130
multipie/098_01_01_240_09.jpg,27,7,159,159
multipie/197_01_01_090_03.jpg,34,21,143,143
multipie/027_01_01_090_00.jpg,42,19,145,145
multipie/147_01_01_090_00.jpg,43,28,128,128
